-1.404922251873611572e+01 4.281724747887941618e+01
-1.131707961280499219e+01 4.281724747887941618e+01
-8.584936706873868673e+00 4.281724747887941618e+01
-5.852793800942746039e+00 4.281724747887941618e+01
-3.120651004297338993e+00 4.281724747887941618e+01
-3.885080000090714303e-01 4.281724747887941618e+01
2.343634807564907163e+00 4.281724747887941618e+01
5.075777986710320100e+00 4.281724747887941618e+01
7.261492147526644736e+00 4.117796173532074278e+01
9.447206472271542310e+00 3.844581882938962281e+01
1.203126941841552444e+01 3.589392741239155527e+01
1.557551065670554635e+01 3.425652848672371675e+01
1.987061142983234419e+01 3.306472622258439742e+01
2.477708327459076898e+01 3.129976846249586231e+01
3.111720940566445037e+01 2.931484806276514021e+01
3.873145234877593168e+01 2.795682878137194294e+01
4.682869826836961380e+01 2.594085812394389023e+01
5.443343663273993371e+01 2.459114127841323238e+01
6.256338958148909768e+01 2.488153583002742408e+01
6.804476221508502931e+01 2.363405959703677794e+01
7.403904003641143561e+01 2.417869370676238816e+01
7.939304016773286321e+01 2.613017923446748370e+01
8.338472827472728000e+01 2.754290694540905093e+01
8.840793693585601432e+01 2.914731579191635191e+01
9.359720524280722032e+01 3.134224945968302478e+01
1.001543482170419139e+02 3.516724734227227600e+01
1.078043483536490612e+02 3.899224741057584254e+01
1.170936342338148819e+02 4.008510457294829621e+01
1.225579200456771218e+02 4.281724747887941618e+01
1.252900629516082489e+02 4.281724747887941618e+01
1.280222058575393760e+02 4.281724747887941618e+01
1.307543487634704888e+02 4.281724747887941618e+01
1.334864916694016301e+02 4.281724747887941618e+01
1.362186345753327430e+02 4.281724747887941618e+01
1.389507774812638559e+02 4.281724747887941618e+01
